
================================================================================
TABLE 1 - Table1_m=3_h=1_regular
================================================================================
        -0.900  -0.500  0.000   0.500   0.950 
-0.900   0.000   0.004   0.011   0.013   0.039
-0.500   0.002   0.000   0.000   0.000   0.000
0.000    0.011   0.000   0.000   0.000   0.000
0.500    0.046   0.002   0.000   0.000   0.000
0.950    0.440   0.113   0.046   0.013   0.000

================================================================================
TABLE 1 - Table1_m=3_h=1_multiplicative
================================================================================
        -0.900  -0.500  0.000   0.500   0.950 
-0.900   0.000   0.036   0.082   0.013   0.039
-0.500   0.002   0.000   0.000   0.000   0.001
0.000    0.011   0.000   0.000   0.000   0.000
0.500    0.046   0.002   0.002   0.000   0.000
0.950    0.852   0.098   0.114   0.046   0.000

================================================================================
TABLE 1 - Table1_m=3_h=4_regular
================================================================================
        -0.900  -0.500  0.000   0.500   0.950 
-0.900   0.000   0.001   0.002   0.001   0.000
-0.500   0.000   0.000   0.000   0.000   0.000
0.000    0.002   0.000   0.000   0.000   0.000
0.500    0.005   0.000   0.000   0.000   0.000
0.950    0.012   0.034   0.018   0.007   0.000

================================================================================
TABLE 1 - Table1_m=3_h=4_multiplicative
================================================================================
        -0.900  -0.500  0.000   0.500   0.950 
-0.900   0.000   0.008   0.012   0.001   0.000
-0.500   0.000   0.000   0.000   0.000   0.000
0.000    0.002   0.000   0.000   0.000   0.000
0.500    0.005   0.000   0.000   0.000   0.000
0.950    0.013   0.034   0.045   0.004   0.000

================================================================================
TABLE 1 - Table1_m=13_h=1_regular
================================================================================
        -0.900  -0.500  0.000   0.500   0.950 
-0.900   0.000   0.000   0.000   0.000   0.000
-0.500   0.000   0.000   0.000   0.000   0.000
0.000    0.001   0.000   0.000   0.000   0.000
0.500    0.004   0.000   0.000   0.000   0.000
0.950    0.111   0.030   0.014   0.031   0.000

================================================================================
TABLE 1 - Table1_m=13_h=1_multiplicative
================================================================================
        -0.900  -0.500  0.000   0.500   0.950 
-0.900   0.000   0.001   0.000   0.000   0.000
-0.500   0.000   0.000   0.000   0.000   0.000
0.000    0.001   0.000   0.000   0.000   0.000
0.500    0.004   0.000   0.000   0.000   0.000
0.950    0.238   0.076   0.048   0.031   0.000

================================================================================
TABLE 1 - Table1_m=13_h=4_regular
================================================================================
        -0.900  -0.500  0.000   0.500   0.950 
-0.900   0.000   0.000   0.000   0.000   0.000
-0.500   0.000   0.000   0.000   0.000   0.000
0.000    0.000   0.000   0.000   0.000   0.000
0.500    0.000   0.000   0.000   0.000   0.000
0.950    0.002   0.001   0.000   0.001   0.000

================================================================================
TABLE 1 - Table1_m=13_h=4_multiplicative
================================================================================
        -0.900  -0.500  0.000   0.500   0.950 
-0.900   0.000   0.000   0.000   0.000   0.000
-0.500   0.000   0.000   0.000   0.000   0.000
0.000    0.000   0.000   0.000   0.000   0.000
0.500    0.000   0.000   0.000   0.000   0.000
0.950    0.001   0.001   0.001   0.001   0.000
