================================================================================
TABLE 3 - PE_distance_m=3_h=1
================================================================================
        -0.900  -0.500   0.000   0.500   0.950
-0.900   0.864   0.967   0.967   0.726   0.738
-0.500   0.642   1.000   1.000   0.997   0.724
 0.000   0.638   0.997   0.999   0.997   0.778
 0.500   0.689   0.997   0.996   1.000   0.743
 0.950   0.743   0.721   0.744   0.762   0.746

================================================================================
TABLE 3 - PE_distance_m=3_h=4
================================================================================
        -0.900  -0.500   0.000   0.500   0.950
-0.900   0.763   0.847   0.838   0.822   0.768
-0.500   0.892   0.998   0.995   1.000   0.781
 0.000   0.882   1.000   1.000   1.000   0.764
 0.500   0.901   0.995   0.997   1.000   0.801
 0.950   0.758   0.743   0.747   0.736   0.701

================================================================================
TABLE 3 - PE_distance_m=13_h=1
================================================================================
        -0.900  -0.500   0.000   0.500   0.950
-0.900   0.981   0.987   0.992   0.993   0.867
-0.500   0.988   0.998   0.999   1.000   0.853
 0.000   0.989   0.995   0.996   1.000   0.838
 0.500   0.994   1.000   1.000   1.000   0.842
 0.950   0.864   0.852   0.833   0.830   0.761

================================================================================
TABLE 3 - PE_distance_m=13_h=4
================================================================================
        -0.900  -0.500   0.000   0.500   0.950
-0.900   1.000   0.999   1.000   0.996   0.995
-0.500   1.000   0.991   1.000   1.000   0.995
 0.000   1.000   0.993   1.000   0.999   0.982
 0.500   0.992   1.000   1.000   0.994   0.983
 0.950   0.995   0.991   0.982   0.982   0.978
