
================================================================================
TABLE 2 - Table2_m=3_equal_regular
================================================================================
        -0.900  -0.500  0.000   0.500   0.950 
-0.900   0.000   0.003   0.007   0.027   0.027
-0.500   0.001   0.000   0.000   0.000   0.001
0.000    0.005   0.000   0.000   0.000   0.000
0.500    0.023   0.001   0.000   0.000   0.000
0.950    0.238   0.065   0.029   0.008   0.000

================================================================================
TABLE 2 - Table2_m=3_equal_multiplicative
================================================================================
        -0.900  -0.500  0.000   0.500   0.950 
-0.900   0.000   0.020   0.012   0.027   0.027
-0.500   0.027   0.000   0.001   0.000   0.017
0.000    0.005   0.000   0.000   0.000   0.000
0.500    0.023   0.005   0.001   0.000   0.000
0.950    0.219   0.111   0.027   0.028   0.000

================================================================================
TABLE 2 - Table2_m=3_unequal_regular
================================================================================
        -0.900  -0.500  0.000   0.500   0.950 
-0.900   0.000   0.004   0.010   0.013   0.039
-0.500   0.002   0.000   0.000   0.000   0.001
0.000    0.009   0.000   0.000   0.000   0.000
0.500    0.039   0.002   0.000   0.000   0.000
0.950    0.376   0.098   0.041   0.012   0.000

================================================================================
TABLE 2 - Table2_m=3_unequal_multiplicative
================================================================================
        -0.900  -0.500  0.000   0.500   0.950 
-0.900   0.000   0.035   0.010   0.014   0.039
-0.500   0.002   0.000   0.000   0.000   0.001
0.000    0.009   0.000   0.000   0.000   0.000
0.500    0.040   0.002   0.002   0.000   0.001
0.950    0.403   0.144   0.071   0.039   0.000

================================================================================
TABLE 2 - Table2_m=13_equal_regular
================================================================================
        -0.900  -0.500  0.000   0.500   0.950 
-0.900   0.000   0.004   0.001   0.002   0.001
-0.500   0.000   0.000   0.000   0.000   0.000
0.000    0.001   0.000   0.000   0.000   0.000
0.500    0.002   0.000   0.000   0.000   0.000
0.950    0.056   0.017   0.009   0.003   0.000

================================================================================
TABLE 2 - Table2_m=13_equal_multiplicative
================================================================================
        -0.900  -0.500  0.000   0.500   0.950 
-0.900   0.000   0.007   0.001   0.002   0.027
-0.500   0.000   0.000   0.000   0.000   0.000
0.000    0.001   0.000   0.000   0.000   0.000
0.500    0.002   0.000   0.000   0.000   0.001
0.950    0.056   0.035   0.024   0.017   0.000

================================================================================
TABLE 2 - Table2_m=13_unequal_regular
================================================================================
        -0.900  -0.500  0.000   0.500   0.950 
-0.900   0.000   0.000   0.000   0.000   0.001
-0.500   0.000   0.000   0.000   0.000   0.000
0.000    0.001   0.000   0.000   0.000   0.000
0.500    0.003   0.000   0.000   0.000   0.000
0.950    0.093   0.026   0.012   0.028   0.000

================================================================================
TABLE 2 - Table2_m=13_unequal_multiplicative
================================================================================
        -0.900  -0.500  0.000   0.500   0.950 
-0.900   0.000   0.007   0.010   0.000   0.001
-0.500   0.000   0.000   0.000   0.000   0.000
0.000    0.001   0.000   0.000   0.000   0.000
0.500    0.003   0.000   0.000   0.000   0.001
0.950    0.093   0.026   0.012   0.026   0.000
